Quiz Grading Report:
------------------------
Student ID     Correct   
------------------------
1001           4         
1002           4         
1003           0         
1004           3         
1005           1         
1006           3         
1007           1         
1008           1         
1009           0         
1010           1         
1011           2         
1012           0         
1013           3         
1014           0         
1015           1         
1016           0         
1017           2         
1018           0         
1019           1         
1020           0         
1021           0         
1022           0         
1023           5         
1024           0         
1025           0         
1026           0         
1027           0         
1028           4         
1029           3         
1030           2         
